list(N = structure(c(1L, 0L, 1L, 0L, 2L, 4L, 0L, 17L, 3L, 7L, 
1L, 0L, 5L, 6L, 1L, 0L, 1L, 1L, 0L, 1L, 2L, 0L, 27L, 0L, 1L, 
2L, 7L, 2L, 0L, 4L, 2L, 0L, 0L, 1L, 5L, 4L, 0L, 21L, 1L, 4L, 
0L, 0L, 6L, 3L, 3L, 2L, 2L, 3L, 2L, 0L, 3L, 0L, 22L, 1L, 2L, 
1L, 6L, 2L, 2L, 3L, 3L, 2L, 1L, 0L, 4L, 6L, 0L, 33L, 0L, 13L, 
0L, 0L, 4L, 0L, 4L, 3L, 3L, 0L, 2L, 0L, 5L, 0L, 25L, 2L, 0L, 
0L, 7L, 0L, 2L, 3L, 0L, 8L, 2L, 0L, 6L, 2L, 1L, 13L, 1L, 7L, 
0L, 1L, 4L, 7L, 2L, 2L, 0L, 2L, 3L, 0L, 0L, 0L, 32L, 2L, 3L, 
4L, 10L, 2L, 1L, 7L, 0L, 0L, 3L, 0L, 1L, 3L, 0L, 15L, 1L, 11L, 
0L, 2L, 1L, 1L, 4L, 1L, 4L, 0L, 4L, 0L, 2L, 2L, 18L, 1L, 1L, 
1L, 3L, 1L, 1L, 3L, 0L, 0L, 0L, 0L, 1L, 7L, 1L, 15L, 1L, 7L, 
0L, 0L, 3L, 1L, 2L, 3L, 3L, 0L, 1L, 1L, 1L, 0L, 23L, 0L, 2L, 
3L, 3L, 2L, 4L, 5L, 0L, 1L, 1L, 0L, 5L, 2L, 0L, 15L, 3L, 7L, 
0L, 0L, 4L, 5L, 3L, 2L, 2L, 1L, 2L, 0L, 2L, 0L, 31L, 4L, 1L, 
3L, 5L, 0L, 4L, 5L, 1L, 1L, 2L, 0L, 3L, 6L, 1L, 24L, 1L, 7L, 
2L, 0L, 1L, 1L, 8L, 4L, 1L, 2L, 3L, 0L, 4L, 0L, 17L, 1L, 0L, 
2L, 3L, 1L, 4L, 4L, 2L, 0L, 0L, 0L, 4L, 9L, 1L, 19L, 0L, 7L, 
0L, 0L, 2L, 2L, 8L, 1L, 4L, 1L, 4L, 0L, 5L, 0L, 23L, 2L, 2L, 
1L, 1L, 1L, 1L, 7L, 1L, 0L, 0L, 0L, 3L, 3L, 0L, 16L, 1L, 6L, 
0L, 3L, 4L, 4L, 6L, 1L, 1L, 3L, 3L, 1L, 1L, 0L, 22L, 0L, 2L, 
1L, 8L, 2L, 3L, 4L, 2L, 2L, 1L, 0L, 3L, 5L, 0L, 23L, 1L, 14L, 
1L, 2L, 4L, 3L, 3L, 2L, 1L, 0L, 0L, 0L, 2L, 1L, 24L, 3L, 3L, 
1L, 4L, 0L, 1L, 3L, 1L, 0L, 0L, 0L, 5L, 1L, 1L, 14L, 0L, 5L, 
0L, 1L, 5L, 1L, 4L, 0L, 0L, 0L, 2L, 0L, 3L, 0L, 26L, 1L, 1L, 
0L, 3L, 2L, 2L, 9L, 0L, 2L, 0L, 0L, 3L, 2L, 1L, 21L, 0L, 11L, 
0L, 0L, 1L, 2L, 3L, 5L, 1L, 4L, 4L, 0L, 2L, 0L, 21L, 0L, 3L, 
1L, 6L, 1L, 1L, 1L, 0L, 4L, 1L, 0L, 3L, 1L, 0L, 20L, 1L, 5L, 
1L, 0L, 2L, 8L, 0L, 0L, 1L, 1L, 1L, 1L, 2L, 0L, 27L, 3L, 0L, 
3L, 11L, 0L, 0L, 6L, 2L, 1L, 2L, 0L, 1L, 13L, 0L, 23L, 0L, 14L, 
0L, 1L, 2L, 1L, 10L, 2L, 1L, 0L, 0L, 3L, 4L, 0L, 20L, 2L, 0L, 
0L, 4L, 1L, 0L, 6L, 1L, 1L, 2L, 1L, 0L, 5L, 1L, 22L, 2L, 10L, 
3L, 0L, 5L, 2L, 6L, 2L, 2L, 0L, 0L, 0L, 2L, 0L, 27L, 2L, 2L, 
0L, 2L, 2L, 1L, 4L, 1L, 3L, 0L, 0L, 8L, 1L, 1L, 19L, 4L, 5L, 
0L, 1L, 3L, 3L, 0L, 1L, 1L, 5L, 3L, 0L, 1L, 0L, 26L, 0L, 3L, 
4L, 9L, 0L, 3L, 7L, 0L, 0L, 0L, 0L, 1L, 7L, 2L, 17L, 4L, 8L, 
0L, 0L, 4L, 3L, 10L, 1L, 2L, 1L, 4L, 0L, 2L, 0L, 15L, 1L, 1L, 
0L, 7L, 0L, 6L, 5L, 1L, 1L, 3L, 0L, 4L, 2L, 1L, 17L, 1L, 4L, 
1L, 0L, 3L, 5L, 6L, 0L, 3L, 1L, 3L, 0L, 1L, 0L, 26L, 1L, 0L, 
2L, 9L, 1L, 5L, 4L, 0L, 6L, 2L, 0L, 7L, 3L, 1L, 19L, 1L, 5L, 
1L, 2L, 5L, 5L, 6L, 0L, 1L, 2L, 0L, 1L, 1L, 0L, 35L, 2L, 1L, 
0L, 6L, 0L, 6L, 9L, 1L, 1L, 1L, 0L, 2L, 5L, 4L, 20L, 0L, 10L, 
0L, 0L, 0L, 1L, 9L, 4L, 7L, 2L, 0L, 1L, 4L, 1L, 27L, 0L, 2L, 
1L, 2L, 0L, 0L, 8L, 1L, 0L, 1L, 1L, 5L, 5L, 0L, 14L, 1L, 4L, 
2L, 0L, 6L, 3L, 6L, 1L, 1L, 1L, 4L, 0L, 4L, 1L, 27L, 2L, 4L, 
0L, 3L, 2L, 3L, 5L, 0L, 8L, 0L, 0L, 8L, 2L, 1L, 14L, 2L, 6L, 
2L, 3L, 0L, 10L, 2L, 1L, 1L, 3L, 3L, 1L, 0L, 0L, 33L, 1L, 3L, 
1L, 12L, 0L, 2L, 4L, 3L, 3L, 3L, 0L, 6L, 1L, 0L, 17L, 3L, 4L, 
0L, 1L, 5L, 13L, 3L, 1L, 1L, 4L, 4L, 0L, 0L, 0L, 39L, 1L, 2L, 
6L, 12L, 0L, 2L, 4L, 0L, 1L, 1L, 0L, 5L, 7L, 0L, 15L, 1L, 9L, 
0L, 2L, 6L, 2L, 1L, 1L, 0L, 1L, 1L, 0L, 3L, 0L, 33L, 1L, 0L, 
0L, 5L, 3L, 2L, 7L, 1L, 0L, 0L, 2L, 4L, 10L, 1L, 11L, 1L, 14L, 
1L, 0L, 1L, 0L, 11L, 2L, 2L, 0L, 1L, 0L, 4L, 0L, 24L, 0L, 1L, 
1L, 1L, 2L, 3L, 5L, 0L, 5L, 2L, 0L, 6L, 2L, 1L, 19L, 1L, 9L, 
0L, 4L, 1L, 2L, 1L, 2L, 1L, 2L, 4L, 0L, 3L, 0L, 36L, 1L, 3L, 
2L, 5L, 0L, 1L, 7L, 2L, 0L, 1L, 0L, 3L, 12L, 2L, 17L, 1L, 12L, 
0L, 2L, 4L, 0L, 12L, 7L, 4L, 1L, 2L, 0L, 7L, 0L, 20L, 0L, 0L, 
1L, 2L, 0L, 2L, 10L, 3L, 1L, 0L, 0L, 2L, 13L, 0L, 17L, 0L, 9L, 
0L, 1L, 1L, 0L, 15L, 2L, 3L, 0L, 0L, 0L, 5L, 0L, 16L, 1L, 1L, 
0L, 3L, 2L, 3L, 7L, 0L, 2L, 2L, 0L, 3L, 6L, 0L, 16L, 2L, 6L, 
1L, 0L, 0L, 0L, 2L, 2L, 2L, 1L, 4L, 1L, 2L, 2L, 30L, 0L, 0L, 
3L, 2L, 4L, 2L, 3L, 0L, 1L, 1L, 0L, 3L, 6L, 0L, 14L, 0L, 11L, 
0L, 2L, 2L, 4L, 2L, 1L, 2L, 2L, 1L, 0L, 3L, 0L, 33L, 1L, 2L, 
2L, 7L, 0L, 2L, 7L, 3L, 2L, 1L, 0L, 0L, 3L, 3L, 10L, 0L, 6L, 
0L, 0L, 4L, 0L, 8L, 4L, 4L, 1L, 2L, 1L, 1L, 0L, 20L, 1L, 0L, 
0L, 5L, 2L, 1L, 3L, 1L, 2L, 1L, 0L, 4L, 6L, 0L, 18L, 1L, 7L, 
1L, 0L, 2L, 6L, 4L, 2L, 0L, 1L, 3L, 0L, 1L, 0L, 20L, 1L, 4L, 
1L, 4L, 0L, 1L, 3L, 1L, 5L, 0L, 0L, 1L, 5L, 1L, 24L, 0L, 7L, 
1L, 0L, 4L, 4L, 2L, 0L, 1L, 2L, 4L, 0L, 1L, 0L, 25L, 3L, 1L, 
4L, 7L, 1L, 4L, 6L, 0L, 0L, 1L, 0L, 5L, 2L, 1L, 14L, 0L, 5L, 
0L, 0L, 6L, 2L, 2L, 1L, 0L, 0L, 2L, 0L, 3L, 0L, 24L, 1L, 2L, 
2L, 6L, 3L, 1L, 4L, 3L, 1L, 1L, 0L, 1L, 5L, 1L, 16L, 3L, 7L, 
0L, 0L, 2L, 1L, 3L, 0L, 3L, 1L, 1L, 0L, 2L, 0L, 22L, 0L, 1L, 
0L, 4L, 1L, 4L, 6L, 1L, 0L, 2L, 0L, 1L, 12L, 0L, 18L, 0L, 6L, 
0L, 1L, 5L, 0L, 11L, 3L, 1L, 0L, 0L, 0L, 2L, 0L, 22L, 1L, 0L, 
0L, 4L, 0L, 2L, 7L, 5L, 1L, 0L, 1L, 1L, 8L, 0L, 13L, 0L, 4L, 
1L, 2L, 2L, 2L, 9L, 2L, 0L, 1L, 3L, 1L, 2L, 0L, 13L, 0L, 2L, 
0L, 0L, 1L, 3L, 6L, 0L, 2L, 1L, 0L, 3L, 1L, 0L, 23L, 1L, 5L, 
0L, 1L, 5L, 2L, 7L, 0L, 1L, 0L, 1L, 2L, 3L, 1L, 22L, 0L, 3L, 
1L, 3L, 1L, 1L, 5L, 3L, 0L, 1L, 0L, 1L, 5L, 1L, 20L, 0L, 14L, 
0L, 1L, 0L, 0L, 4L, 2L, 1L, 0L, 4L, 0L, 1L, 0L, 32L, 0L, 1L, 
2L, 2L, 1L, 1L, 7L, 2L, 0L, 0L, 0L, 2L, 14L, 1L, 15L, 4L, 8L, 
0L, 0L, 2L, 0L, 10L, 2L, 1L, 0L, 1L, 0L, 6L, 0L, 17L, 0L, 0L, 
0L, 4L, 2L, 2L, 6L, 1L, 1L, 1L, 0L, 0L, 10L, 2L, 19L, 1L, 11L, 
0L, 1L, 0L, 2L, 6L, 2L, 2L, 2L, 0L, 1L, 8L, 0L, 17L, 1L, 0L, 
0L, 4L, 0L, 3L, 5L, 2L, 0L, 2L, 3L, 3L, 10L, 1L, 20L, 0L, 11L, 
1L, 0L, 5L, 0L, 8L, 0L, 1L, 1L, 2L, 2L, 5L, 0L, 23L, 0L, 0L, 
1L, 3L, 1L, 4L, 10L, 1L, 1L, 1L, 0L, 4L, 3L, 2L, 19L, 0L, 10L, 
1L, 2L, 3L, 2L, 5L, 3L, 0L, 2L, 2L, 1L, 3L, 0L, 20L, 0L, 1L, 
0L, 4L, 2L, 2L, 9L, 3L, 0L, 1L, 0L, 1L, 6L, 5L, 18L, 1L, 15L, 
0L, 0L, 4L, 0L, 8L, 2L, 3L, 0L, 0L, 1L, 2L, 0L, 19L, 1L, 2L, 
0L, 2L, 1L, 1L, 7L, 2L, 0L, 1L, 0L, 1L, 6L, 1L, 16L, 0L, 12L, 
1L, 1L, 2L, 0L, 8L, 7L, 2L, 0L, 2L, 0L, 2L, 0L, 19L, 1L, 1L, 
0L, 4L, 2L, 3L, 6L, 1L, 3L, 2L, 0L, 4L, 7L, 0L, 19L, 1L, 12L, 
2L, 0L, 3L, 1L, 6L, 3L, 1L, 0L, 0L, 0L, 2L, 0L, 16L, 0L, 1L, 
2L, 3L, 0L, 2L, 5L, 0L, 1L, 1L, 0L, 2L, 7L, 0L, 14L, 1L, 8L, 
0L, 0L, 3L, 1L, 5L, 3L, 1L, 0L, 0L, 0L, 4L, 0L, 27L, 1L, 0L, 
0L, 5L, 0L, 2L, 9L, 1L, 3L, 1L, 0L, 5L, 3L, 1L, 22L, 1L, 4L, 
0L, 1L, 2L, 1L, 3L, 2L, 0L, 0L, 4L, 1L, 1L, 0L, 17L, 1L, 1L, 
2L, 7L, 0L, 7L, 7L, 3L, 1L, 0L, 0L, 5L, 9L, 1L, 16L, 0L, 7L, 
1L, 1L, 2L, 1L, 2L, 2L, 0L, 1L, 2L, 0L, 1L, 1L, 24L, 0L, 1L, 
0L, 1L, 2L, 2L, 4L), .Dim = c(30L, 50L)),